# oST version 5.0 parameters


[image]

width
640

height
480

[narrow_stereo]

camera matrix
457.944851 0.000000 284.124520
0.000000 458.821653 250.674058
0.000000 0.000000 1.000000

distortion
-0.753535 0.399725 -0.004924 0.031045 0.000000

rectification
1.000000 0.000000 0.000000
0.000000 1.000000 0.000000
0.000000 0.000000 1.000000

projection
323.872803 0.000000 304.455124 0.000000
0.000000 330.892456 253.379791 0.000000
0.000000 0.0000# oST version 5.0 parameters


Everything is perfect in the one bellow except size is 50% but was green


[image]

width
640

height
480

[narrow_stereo]

camera matrix
375.580327 0.000000 296.467538
0.000000 377.090206 241.843550
0.000000 0.000000 1.000000

distortion
-0.571189 0.228908 -0.004460 0.004629 0.000000

rectification
1.000000 0.000000 0.000000
0.000000 1.000000 0.000000
0.000000 0.000000 1.000000

projection
256.823792 0.000000 299.503232 0.000000
0.000000 258.931122 238.859148 0.000000
0.000000 0.000000 1.000000 0.000000



00 1.000000 0.000000


